10000 10000
c 1338 3597 2000 231 251 114
r 198 3514 2000 2000 209 199 140
r 8143 9717 2000 2000 41 110 144
r 453 5849 2000 2000 222 96 177
r 9755 1089 2000 2000 188 94 107
r 3059 8860 2000 2000 35 253 167
r 3653 6686 2000 2000 246 72 61
c 3740 9213 2000 174 208 39
c 5640 9970 2000 81 85 190
c 9003 7778 2000 18 116 212
c 344 1017 2000 104 155 195
c 7109 9396 2000 94 143 187
r 4764 627 2000 2000 79 181 107
c 6630 7102 2000 146 11 12
c 6238 1335 2000 23 229 91
c 8332 8623 2000 134 133 157
c 775 8592 2000 120 211 166
c 8729 2256 2000 74 171 180
c 3013 572 2000 243 21 121
c 182 5268 2000 212 193 13
c 858 3612 2000 6 24 10
r 1690 1672 2000 2000 75 6 215
r 7893 5372 2000 2000 99 109 183
r 2104 9909 2000 2000 194 86 193
r 4070 7311 2000 2000 220 55 202
r 3227 2010 2000 2000 105 132 180
r 3745 929 2000 2000 197 83 216
c 6300 815 2000 42 164 233
c 6075 224 2000 24 111 226
c 3558 8741 2000 121 23 20
r 9579 6000 2000 2000 115 125 62
c 9528 2641 2000 150 119 48
c 3043 7126 2000 4 107 124
c 7378 4126 2000 27 101 69
c 9412 6002 2000 245 165 150
c 6660 5388 2000 119 161 48
c 4405 9589 2000 137 182 203
c 5784 8027 2000 179 137 194
c 6573 528 2000 50 119 105
r 7092 1756 2000 2000 159 52 59
c 342 9360 2000 244 39 214
r 6625 8338 2000 2000 141 152 204
r 5662 622 2000 2000 185 24 191
c 1249 1778 2000 67 161 234
r 673 65 2000 2000 224 164 127
c 6382 9621 2000 57 197 147
c 6015 8820 2000 123 67 209
c 369 3250 2000 240 234 108
c 6669 6769 2000 96 23 217
c 5345 3544 2000 3 209 56
r 8195 8377 2000 2000 20 193 44
c 9853 458 2000 217 254 220
r 9882 5873 2000 2000 158 46 88
c 8866 6471 2000 252 59 26
r 6467 8979 2000 2000 73 31 82
c 2102 2110 2000 83 181 80
c 5644 7665 2000 61 20 67
c 50 2953 2000 23 116 83
r 4970 4429 2000 2000 31 176 91
c 2957 7348 2000 212 110 97
r 7711 4027 2000 2000 47 92 205
r 4494 6609 2000 2000 49 242 8
r 8097 482 2000 2000 72 254 230
r 3446 3564 2000 2000 204 112 200
r 5419 4452 2000 2000 184 11 216
c 6452 8818 2000 256 195 63
c 866 4820 2000 189 23 201
c 3598 2974 2000 218 72 12
c 5154 3874 2000 139 153 115
c 5006 5660 2000 102 75 118
c 6315 2152 2000 41 23 32
c 8617 4867 2000 128 253 194
c 3665 7535 2000 68 187 211
r 2191 9330 2000 2000 61 183 5
c 5892 4845 2000 209 44 108
c 4075 1614 2000 118 110 247
c 4167 3836 2000 240 12 189
c 5209 9696 2000 5 154 96
c 8870 9260 2000 77 31 222
c 5428 1594 2000 239 134 200
r 4162 8431 2000 2000 62 197 110
c 4467 11 2000 152 208 73
c 9499 7065 2000 206 156 92
c 4302 2374 2000 202 17 188
c 7157 9536 2000 183 106 205
c 1094 1359 2000 136 121 218
c 5481 6988 2000 102 227 16
c 9901 5496 2000 86 73 169
r 2353 4476 2000 2000 177 63 131
c 9284 9882 2000 183 255 54
c 8395 2783 2000 227 167 14
c 9846 863 2000 198 11 143
c 3278 6943 2000 237 0 121
r 2335 3124 2000 2000 156 171 60
c 8200 2938 2000 252 121 233
c 983 2308 2000 134 91 230
c 3852 5909 2000 25 32 211
c 3114 5846 2000 128 120 37
c 9616 8681 2000 94 93 151
c 9400 8713 2000 242 256 180
c 1010 4047 2000 13 44 225
r 768 6908 2000 2000 194 226 40
c 3234 3645 2000 201 16 76
r 1926 7147 2000 2000 13 73 80
r 3793 9263 2000 2000 67 168 238
c 8417 6954 2000 104 115 239
r 4607 9964 2000 2000 90 99 198
c 1536 6055 2000 211 69 2
r 1902 3856 2000 2000 134 66 85
c 593 4761 2000 56 17 25
c 1384 5566 2000 134 104 201
r 9705 2527 2000 2000 227 37 205
c 6534 1399 2000 202 56 68
c 5980 8230 2000 23 182 2
c 9526 7697 2000 52 226 47
c 164 7447 2000 236 239 52
r 4528 6607 2000 2000 146 146 250
r 1758 7163 2000 2000 72 154 126
c 3353 290 2000 194 238 200
r 1871 6008 2000 2000 72 96 194
c 688 3419 2000 237 170 63
r 6806 8109 2000 2000 232 40 179
c 4811 3277 2000 124 180 40
c 9419 8818 2000 59 60 32
c 1140 3808 2000 100 248 216
c 9072 6026 2000 248 226 60
r 8429 1947 2000 2000 198 38 34
r 2299 7915 2000 2000 162 121 129
c 1743 3113 2000 28 29 232
r 6670 5845 2000 2000 44 90 176
c 4382 7586 2000 222 239 149
c 488 1667 2000 60 56 254
c 3888 2157 2000 96 253 66
c 1404 2908 2000 247 168 190
r 7561 1071 2000 2000 125 242 216
r 9388 534 2000 2000 120 91 232
r 9779 6365 2000 2000 127 240 170
r 6230 8604 2000 2000 232 103 174
c 5998 548 2000 84 122 106
c 1627 4792 2000 172 47 146
c 9167 4560 2000 148 220 222
r 9381 788 2000 2000 150 50 248
c 6440 5941 2000 243 11 198
c 3899 5913 2000 162 195 130
c 8027 7856 2000 81 76 170
c 1544 5022 2000 113 27 72
c 1856 4675 2000 32 123 106
r 8922 3098 2000 2000 203 67 93
r 4061 7647 2000 2000 223 244 186
c 1454 770 2000 63 144 55
c 1361 486 2000 58 19 131
c 8060 1 2000 233 23 120
c 4317 414 2000 204 24 80
c 3206 238 2000 247 248 187
c 4773 2915 2000 150 140 41
c 8888 1151 2000 23 91 21
c 8603 2704 2000 115 188 148
c 7845 3783 2000 256 77 79
r 3707 4111 2000 2000 98 252 110
c 9395 9369 2000 47 138 53
c 2118 8379 2000 120 217 203
c 8739 5186 2000 189 29 80
c 5531 1126 2000 256 214 176
r 7270 2444 2000 2000 184 160 109
c 6611 6748 2000 76 79 62
r 6503 7679 2000 2000 195 215 177
c 2319 5002 2000 125 226 196
c 4177 7547 2000 175 211 114
c 5303 1908 2000 101 209 98
c 7509 6828 2000 227 49 22
c 2528 3451 2000 240 50 243
c 7780 551 2000 10 170 223
r 4727 9291 2000 2000 76 62 181
c 3631 5600 2000 231 71 201
c 5548 1387 2000 114 197 67
r 3239 2902 2000 2000 201 141 27
c 9756 6097 2000 157 22 131
c 9000 253 2000 254 33 51
r 1696 8361 2000 2000 128 145 56
c 9510 187 2000 192 162 203
c 2247 1687 2000 134 178 163
c 9976 454 2000 228 148 123
c 9868 1592 2000 80 135 157
c 7790 2323 2000 51 180 92
r 6058 219 2000 2000 8 193 115
c 2657 7687 2000 238 79 65
r 4838 2641 2000 2000 36 189 72
c 9084 1028 2000 229 114 18
c 5678 6986 2000 208 9 238
c 6405 4834 2000 37 163 5
r 6427 5559 2000 2000 11 183 170
r 3599 1999 2000 2000 55 128 226
c 2595 4477 2000 234 146 181
r 7660 5584 2000 2000 158 225 121
r 5595 349 2000 2000 93 13 124
c 9629 1975 2000 236 223 128
r 6696 1844 2000 2000 164 129 117
c 3909 7671 2000 47 234 204
r 8906 9001 2000 2000 40 82 203
c 7136 3745 2000 161 167 228
r 2013 6457 2000 2000 120 163 213
r 4298 9352 2000 2000 143 59 100
c 1242 5325 2000 236 174 249
c 498 6815 2000 128 241 13
c 5801 1927 2000 15 70 196
c 9843 4010 2000 188 131 90
c 3310 419 2000 140 147 41
c 8974 2079 2000 33 47 251
c 6027 960 2000 23 85 41
c 4661 7392 2000 33 20 150
c 2508 8233 2000 229 20 31
r 9550 9958 2000 2000 216 46 171
r 3452 1058 2000 2000 243 138 84
c 9678 254 2000 155 41 109
c 4933 1131 2000 243 180 28
r 9894 2853 2000 2000 32 194 66
c 370 3526 2000 134 97 163
c 8141 4438 2000 108 55 158
c 5516 4090 2000 3 168 51
r 6478 6828 2000 2000 144 35 254
c 5807 7221 2000 25 108 23
c 6510 9666 2000 231 35 43
r 4411 6313 2000 2000 150 6 52
r 2632 9345 2000 2000 130 158 197
r 6521 1920 2000 2000 207 161 241
r 544 5155 2000 2000 68 127 75
r 6092 2920 2000 2000 253 94 126
c 6183 9657 2000 152 81 53
c 1029 2901 2000 145 195 131
c 9154 8969 2000 132 141 12
c 1533 9473 2000 73 44 147
c 5988 4276 2000 154 0 247
c 261 2517 2000 24 21 70
c 2697 4708 2000 161 228 105
c 4145 5754 2000 199 171 85
c 6937 9794 2000 34 87 200
c 1150 1384 2000 229 73 215
c 7053 1995 2000 119 50 218
c 2018 6716 2000 152 137 238
c 2011 1944 2000 205 111 243
c 8256 1614 2000 117 36 186
c 2024 9556 2000 73 10 61
c 5748 3309 2000 130 136 168
c 510 135 2000 40 113 197
r 8409 2339 2000 2000 242 250 129
c 612 8127 2000 188 64 231
r 9608 1575 2000 2000 49 16 151
c 331 6893 2000 77 205 11
r 5321 6003 2000 2000 201 53 80
r 9505 5714 2000 2000 18 57 222
c 7536 467 2000 55 185 143
c 108 2590 2000 4 71 80
c 9199 7294 2000 255 123 65
r 1156 1231 2000 2000 227 130 68
c 4016 4031 2000 39 214 0
c 4152 1618 2000 12 231 35
c 9293 2958 2000 127 233 202
r 6873 2096 2000 2000 223 228 75
c 7679 5141 2000 106 58 186
c 5951 1701 2000 88 248 220
c 4240 4195 2000 18 212 246
c 3011 4774 2000 100 232 83
c 9902 3600 2000 241 136 8
c 802 5101 2000 128 142 134
c 5363 5482 2000 213 99 185
c 6974 809 2000 208 6 81
c 2539 9421 2000 187 34 74
r 9522 9317 2000 2000 235 216 256
r 6761 4321 2000 2000 166 141 238
c 1594 2526 2000 65 240 47
c 1188 7468 2000 87 202 145
r 4070 637 2000 2000 80 50 93
c 1815 5842 2000 134 256 69
c 4079 241 2000 64 76 37
c 1772 8348 2000 182 1 246
r 7595 7827 2000 2000 222 181 23
r 6009 7286 2000 2000 42 131 130
c 7781 8795 2000 126 39 79
c 2138 9016 2000 21 90 165
c 5929 81 2000 237 132 207
c 3560 8761 2000 97 146 1
r 6338 8669 2000 2000 33 97 161
c 9799 2718 2000 6 61 88
c 5855 179 2000 174 141 236
c 7052 5053 2000 92 47 66
c 5218 5658 2000 6 159 122
c 4302 1323 2000 212 138 219
r 8548 8040 2000 2000 20 107 97
r 1052 9228 2000 2000 22 41 225
c 674 3715 2000 64 23 50
c 1443 8319 2000 215 190 208
r 4001 4192 2000 2000 256 123 108
c 2062 2666 2000 216 126 183
c 6300 3090 2000 35 121 253
r 9964 1749 2000 2000 48 55 177
r 2948 9609 2000 2000 232 226 249
r 7692 4921 2000 2000 1 143 224
c 1434 8346 2000 231 68 54
c 7885 3693 2000 88 152 132
c 2646 1716 2000 125 232 166
c 4310 9663 2000 60 3 166
r 6786 9087 2000 2000 113 216 193
c 6222 185 2000 200 103 232
c 2715 910 2000 122 3 234
c 7576 5725 2000 241 7 29
c 9976 9818 2000 183 98 201
c 1555 5561 2000 133 154 208
c 1267 9490 2000 121 27 148
c 9666 436 2000 65 87 202
c 546 1532 2000 12 94 46
c 7786 8636 2000 222 194 229
c 6176 7660 2000 131 12 108
c 7574 7006 2000 42 61 219
c 9539 4154 2000 136 109 155
r 9143 5083 2000 2000 84 21 129
c 1578 3961 2000 121 2 22
c 6220 2629 2000 37 33 42
r 915 4567 2000 2000 191 187 31
c 1795 5561 2000 36 8 69
c 2235 6049 2000 124 110 62
c 4599 7498 2000 122 236 252
c 1740 5294 2000 180 79 61
c 2645 4503 2000 204 232 112
r 5169 524 2000 2000 66 211 40
c 9801 1151 2000 196 237 53
c 8451 8703 2000 17 83 56
c 5288 1424 2000 254 114 18
c 2360 8828 2000 224 65 207
c 9887 7563 2000 245 47 245
c 8676 4287 2000 56 155 155
c 8552 948 2000 70 214 123
c 8128 7874 2000 139 208 55
c 3494 7788 2000 205 137 121
r 6599 8511 2000 2000 114 196 235
c 3711 5117 2000 161 246 175
c 798 9797 2000 203 226 70
r 147 8851 2000 2000 2 252 78
r 7377 2140 2000 2000 80 112 169
c 3685 6513 2000 172 215 176
r 5740 3125 2000 2000 16 239 185
r 5530 4200 2000 2000 224 212 137
r 5400 3658 2000 2000 132 201 65
c 5896 9793 2000 74 10 240
c 5761 5188 2000 138 188 56
r 5966 1343 2000 2000 44 19 188
r 1704 7510 2000 2000 14 181 177
c 510 8029 2000 150 222 169
c 9233 1036 2000 17 87 204
r 5232 3358 2000 2000 14 256 85
c 7414 3953 2000 9 254 134
c 8629 762 2000 107 58 90
r 5879 3039 2000 2000 153 15 36
c 7983 8544 2000 89 38 240
r 5615 7098 2000 2000 249 122 86
c 6572 3582 2000 60 152 62
c 9759 5502 2000 121 105 103
c 6838 9377 2000 197 126 21
c 5717 9527 2000 219 26 30
c 1822 3256 2000 108 206 219
r 3700 5984 2000 2000 68 83 43
c 885 4665 2000 232 51 248
c 3025 9177 2000 179 227 234
r 7826 7451 2000 2000 160 180 239
r 3473 1111 2000 2000 207 147 109
r 8194 1059 2000 2000 126 86 253
c 470 5124 2000 233 197 135
r 634 4087 2000 2000 14 12 45
c 9607 2559 2000 253 142 112
r 9769 2267 2000 2000 69 38 90
c 6303 1112 2000 111 177 187
r 8928 8489 2000 2000 122 224 109
c 3443 6535 2000 155 223 101
c 5980 6305 2000 171 225 158
r 6610 8499 2000 2000 141 173 229
c 1721 3664 2000 74 16 190
c 9961 341 2000 35 140 63
c 4739 7290 2000 237 68 127
r 5396 8682 2000 2000 197 104 214
r 904 6790 2000 2000 49 119 183
c 8679 7581 2000 116 158 216
c 5901 990 2000 158 78 152
r 3686 1647 2000 2000 185 140 145
r 559 2440 2000 2000 72 242 154
c 6213 201 2000 192 40 236
c 2028 4215 2000 60 255 162
r 6938 6905 2000 2000 59 150 15
c 9892 3306 2000 207 214 139
c 6868 5831 2000 33 205 102
c 1860 6345 2000 46 130 172
c 4536 7512 2000 128 96 126
r 6032 9069 2000 2000 199 156 188
c 5075 6435 2000 100 191 185
c 9329 7123 2000 164 147 102
c 4511 1042 2000 192 108 171
r 8654 5078 2000 2000 168 235 189
c 6443 7067 2000 238 10 2
r 1039 4722 2000 2000 89 155 250
c 5768 1024 2000 128 78 186
r 2960 1759 2000 2000 244 88 193
r 9448 3629 2000 2000 122 120 4
c 9605 1048 2000 46 177 248
c 1182 2436 2000 41 95 74
c 8807 4472 2000 139 160 10
c 4879 7720 2000 244 236 46
r 2656 6512 2000 2000 134 72 118
r 3924 962 2000 2000 216 87 226
c 9703 7756 2000 225 9 30
c 6105 3799 2000 46 158 243
r 579 5293 2000 2000 142 105 172
c 8585 3304 2000 209 215 64
r 904 6451 2000 2000 168 99 57
c 7403 2917 2000 236 180 44
r 8716 918 2000 2000 179 150 107
r 371 7610 2000 2000 140 185 231
c 6656 7449 2000 103 117 13
c 1384 1460 2000 139 30 141
c 7042 67 2000 103 121 59
c 4785 9756 2000 131 4 30
r 600 4718 2000 2000 256 2 233
r 4148 1329 2000 2000 68 0 81
c 1963 3779 2000 198 144 218
c 3317 4386 2000 16 119 198
r 1155 8906 2000 2000 202 248 124
r 3553 9864 2000 2000 188 37 57
c 8014 3024 2000 170 164 35
c 7617 1586 2000 233 160 137
r 2062 6116 2000 2000 39 168 22
c 5825 1018 2000 20 195 177
c 8915 9003 2000 113 212 97
c 6148 5433 2000 10 107 248
r 2409 5209 2000 2000 67 85 137
c 7803 5513 2000 166 199 35
c 7448 4131 2000 72 248 182
r 4264 6401 2000 2000 255 69 62
c 8333 456 2000 39 245 194
c 10000 8345 2000 235 8 236
c 1109 9089 2000 74 144 162
c 1094 2604 2000 134 113 229
r 9008 8224 2000 2000 158 73 30
r 7505 7209 2000 2000 227 43 112
c 8511 8213 2000 92 214 216
c 6054 7672 2000 173 188 176
r 6043 5625 2000 2000 128 213 160
r 9602 4668 2000 2000 49 90 123
r 3594 1133 2000 2000 256 91 253
c 7095 7034 2000 249 168 41
c 5999 8888 2000 39 165 160
c 9243 498 2000 164 60 54
r 9462 1593 2000 2000 215 39 252
c 7024 6129 2000 27 229 105
r 942 7326 2000 2000 224 68 245
r 3209 1130 2000 2000 171 59 210
c 8102 8681 2000 166 158 171
r 8926 2026 2000 2000 155 187 237
c 9000 2362 2000 10 13 44
r 5767 3040 2000 2000 58 135 130
r 7301 8738 2000 2000 138 170 174
c 3199 7507 2000 38 230 28
c 811 1356 2000 202 227 204
c 6560 2603 2000 90 23 39
r 4378 1453 2000 2000 201 37 208
c 7775 1988 2000 69 142 190
c 8529 7645 2000 28 143 107
c 1686 8999 2000 160 32 24
c 6438 3292 2000 35 129 3
r 4187 1406 2000 2000 227 60 249
c 9118 8444 2000 66 60 161
c 4864 9527 2000 74 156 112
c 4903 7752 2000 3 56 72
r 2910 2658 2000 2000 119 126 198
c 6845 56 2000 38 229 190
c 8331 1223 2000 23 126 66
c 6695 5813 2000 204 22 10
c 7104 5149 2000 213 256 123
c 4113 5199 2000 103 34 26
r 9887 8168 2000 2000 236 120 148
c 2474 383 2000 182 7 198
c 250 4225 2000 175 183 146
c 5641 359 2000 136 73 34
c 4847 5121 2000 97 16 244
c 5001 5145 2000 23 245 34
c 6855 6414 2000 236 99 91
c 7570 726 2000 224 199 153
c 10 280 2000 98 9 37
c 7651 1515 2000 54 87 190
c 700 5763 2000 179 97 174
c 2714 9530 2000 88 84 254
c 8143 1356 2000 225 191 159
c 8570 5932 2000 43 174 178
r 2430 5479 2000 2000 122 218 208
r 6203 4617 2000 2000 53 17 113
c 1778 6096 2000 167 184 65
c 4000 2726 2000 42 112 4
c 3440 7774 2000 172 249 170
c 7489 1755 2000 67 202 36
r 473 5193 2000 2000 142 183 106
c 4557 4566 2000 163 88 217
c 4575 9244 2000 191 127 131
r 4712 6373 2000 2000 149 237 67
c 1516 5245 2000 202 222 212
